# Created by Octave 9.1.0, Wed Sep 04 00:19:07 2024 GMT <unknown@zypc01>
# name: login
# type: matrix
# rows: 0
# columns: 0


# name: password
# type: matrix
# rows: 0
# columns: 0


